# Number of simulations: 100
# Multi compartment simulation; White noise sigma=7; narrow stimulus; gpas parameter; dt=0.1
# MacBook Pro (Retina, Mid 2012); 2.6 GHz Intel Core i7; 8 GB 1600 MHz DDR3; macOS Sierra 10.12.1
# The simulation was running for 12.597366 minutes
# 
# sigma	diff	accuracy	sharper	sigma_err
9.360628571842948754e-06	4.104104104104107842e-06	9.099458684542591413e+01	2.153242221576040727e+00	0.000000000000000000e+00
5.588261327613641843e-06	5.905905905905905334e-06	6.057525577073810297e+01	3.579023682938618833e+00	0.000000000000000000e+00
5.306787600604914162e-06	1.301301301301298189e-06	9.692394741146758008e+01	3.763659466327826664e+00	0.000000000000000000e+00
-4.133013947770034211e-06	7.007007007006990250e-07	9.858776487966242996e+01	4.833550913838120522e+00	0.000000000000000000e+00
5.071021710396281404e-08	5.071021710396281404e-08	5.071021710396281404e-08	5.071021710396281404e-08	5.071021710396281404e-08
1.013245638410041167e-05	9.409409409409414012e-06	6.094857700074657458e+01	1.959513098703361100e+00	0.000000000000000000e+00
1.040143965558094815e-05	5.905905905905905334e-06	8.339536324036180304e+01	1.939497118910425089e+00	0.000000000000000000e+00
6.661607467224545016e-06	5.505505505505505891e-06	6.887092006161913105e+01	3.001013171225937359e+00	0.000000000000000000e+00
8.430514781809465496e-06	5.605605605605605752e-06	8.133910265813281626e+01	2.386400257815017412e+00	0.000000000000000000e+00
7.430882307969547537e-06	4.204204204204194150e-06	8.363791898104749123e+01	2.705516989404457728e+00	0.000000000000000000e+00
1.208968482467577862e-05	5.305305305305306170e-06	9.148850419025052361e+01	1.652901785714286031e+00	0.000000000000000000e+00
9.036713058284679258e-06	1.261261261261262311e-05	4.413057027476370564e+01	2.231093702922567701e+00	0.000000000000000000e+00
7.824690654963160316e-06	3.903903903903908120e-06	8.739059290623825405e+01	2.566279674233234775e+00	0.000000000000000000e+00
8.263392264189645006e-06	2.702702702702709792e-06	9.503133063674182779e+01	2.422705709144445052e+00	0.000000000000000000e+00
9.971982458576383141e-06	1.201201201201199684e-05	4.172855160119921436e+01	2.005144868670458269e+00	0.000000000000000000e+00
1.020139684660168822e-05	7.007007007006854724e-07	9.972379709016043137e+01	1.983393598500067911e+00	0.000000000000000000e+00
6.956434756333507665e-06	1.501501501501500621e-05	1.594131200729215969e+01	2.875728155339806413e+00	0.000000000000000000e+00
1.385518859886405012e-05	1.341341341341340844e-05	5.946891778196074796e+01	1.400472813238769820e+00	0.000000000000000000e+00
9.431114501281360826e-06	5.605605605605605752e-06	8.503981729728006655e+01	2.119044212333668131e+00	0.000000000000000000e+00
5.349062556371953631e-06	8.008008008007988857e-07	9.872351975111331512e+01	3.738011105502270670e+00	0.000000000000000000e+00
4.793502743122450716e-06	8.308308308308301991e-06	2.813381337302766028e+01	4.177715091678421366e+00	0.000000000000000000e+00
8.264942229686992884e-06	2.402402402402396657e-06	9.595487647370072182e+01	2.403830546989125683e+00	0.000000000000000000e+00
8.947660676331318608e-06	3.303303303303308956e-06	9.294218896603918267e+01	2.236484445786772302e+00	0.000000000000000000e+00
4.153474469875866531e-06	5.605605605605605752e-06	4.423385302900796745e+01	4.808441558441562513e+00	0.000000000000000000e+00
9.679135200875912536e-06	4.704704704704707006e-06	8.883716247046545789e+01	2.036578657865787623e+00	0.000000000000000000e+00
4.875579711084058012e-06	2.702702702702696239e-06	8.512872419802002355e+01	4.105905184363740190e+00	0.000000000000000000e+00
1.134938729460855166e-05	8.608608608608588021e-06	7.127352451691074009e+01	1.772167045590524070e+00	0.000000000000000000e+00
5.674297877778522232e-06	8.008008008007988857e-07	9.892601890157101252e+01	3.528710984036215859e+00	0.000000000000000000e+00
9.566637672449507983e-06	1.321321321321320872e-05	3.142955244265013803e+01	2.080056179775281677e+00	0.000000000000000000e+00
6.087595144961299516e-06	7.807807807807802688e-06	3.903269725483483654e+01	3.270759717314488224e+00	0.000000000000000000e+00
8.483393738182359316e-06	8.508508508508515265e-06	5.582474029518179748e+01	2.364681462557880920e+00	0.000000000000000000e+00
7.358117564828457182e-06	1.381381381381382144e-05	1.000280827501334713e+01	2.730457227138644694e+00	0.000000000000000000e+00
1.276250191060146003e-05	3.503503503503481572e-06	9.610946160483683798e+01	1.573857598299681193e+00	0.000000000000000000e+00
8.302927643430723197e-06	3.303303303303308956e-06	9.287075029647566282e+01	2.391795865633074669e+00	0.000000000000000000e+00
7.037550563718630052e-06	1.001001001001012160e-06	9.898954610121720066e+01	2.847529321284370418e+00	0.000000000000000000e+00
9.525836434988360553e-06	4.704704704704707006e-06	8.908287609056466749e+01	2.079472058410559931e+00	0.000000000000000000e+00
6.686795621644579552e-06	1.931931931931932733e-05	4.542859409530306536e+00	2.996762444354513111e+00	0.000000000000000000e+00
6.766110155186501404e-06	6.206206206206204916e-06	6.838155200655104693e+01	2.962592518503700312e+00	0.000000000000000000e+00
6.822304125305811425e-06	6.506506506506504499e-06	5.949640086235940828e+01	2.944333996023857480e+00	0.000000000000000000e+00
7.763735962313274817e-06	3.503503503503495125e-06	9.005427720019136473e+01	2.563170647282797532e+00	0.000000000000000000e+00
5.067558075657956606e-06	2.102102102102097075e-06	9.169192684355401468e+01	3.952495329597011331e+00	0.000000000000000000e+00
4.201819685959091479e-06	5.205205205205206309e-06	4.218873226641211005e+01	4.748316768194938753e+00	0.000000000000000000e+00
7.678304187800265586e-06	3.503503503503495125e-06	8.987339182101224822e+01	2.585093384534824068e+00	0.000000000000000000e+00
-3.763448564760920851e-06	9.009009009008987464e-07	9.736299311083710961e+01	5.312051649928265284e+00	0.000000000000000000e+00
8.655672058117477597e-06	3.203203203203195543e-06	9.375889737107576138e+01	2.318046642667084711e+00	0.000000000000000000e+00
-3.416322878578241434e-06	5.005005005004993035e-07	9.874056043756860390e+01	5.851442117740028870e+00	0.000000000000000000e+00
1.091619944595415570e-05	1.211211211211212380e-05	5.892439650984280064e+01	1.848708026463612875e+00	0.000000000000000000e+00
-3.094043822828761895e-06	1.001001001001005383e-06	9.533485172687640841e+01	6.455972101133393259e+00	0.000000000000000000e+00
7.631869350747450386e-06	2.502502502502510070e-06	9.516083176750343853e+01	2.605559465165377286e+00	0.000000000000000000e+00
8.235025641923536202e-06	6.406406406406404638e-06	7.215794177522745656e+01	2.411266688375123479e+00	0.000000000000000000e+00
-6.447924332292668823e-06	2.462462462462463350e-05	8.417878480266529628e-01	3.118551273952412828e+00	0.000000000000000000e+00
7.980321677765123408e-06	6.306306306306304777e-06	7.031601056885460821e+01	2.512724804886326879e+00	0.000000000000000000e+00
6.994566048914117529e-06	4.004004004003994428e-06	8.401923939021011734e+01	2.844248127520646818e+00	0.000000000000000000e+00
9.292070784271661514e-06	7.507507507507503106e-06	6.936283008347803047e+01	2.153242221576039395e+00	0.000000000000000000e+00
8.790685397660224736e-06	3.203203203203195543e-06	9.389911644361134790e+01	2.272169377109543476e+00	0.000000000000000000e+00
7.358511495876337557e-06	8.308308308308315544e-06	5.718298070300949121e+01	2.729450792480650811e+00	0.000000000000000000e+00
6.087573890954773743e-06	6.006006006006005195e-06	5.738104512119340939e+01	3.288918498778591104e+00	0.000000000000000000e+00
9.425108302536107081e-06	4.204204204204207702e-06	9.036576344828782226e+01	2.101305334846766293e+00	0.000000000000000000e+00
5.869763048720928275e-06	2.502502502502496518e-06	9.100087971199150161e+01	3.403815214893128438e+00	0.000000000000000000e+00
7.170095555076621162e-06	7.407407407407403245e-06	6.253751017075988017e+01	2.791179796456842332e+00	0.000000000000000000e+00
1.188095452007930984e-05	1.211211211211209670e-05	5.565376377941949926e+01	1.654009381282109059e+00	0.000000000000000000e+00
6.025073232556645929e-06	5.605605605605605752e-06	6.724539327160103142e+01	3.324354657687990766e+00	0.000000000000000000e+00
6.619843787774011338e-06	3.103103103103109234e-06	9.000583131318288110e+01	3.027391659852820549e+00	0.000000000000000000e+00
8.884624461798805572e-06	1.081081081081081206e-05	5.283929284970722051e+01	2.264525993883792498e+00	0.000000000000000000e+00
8.317800626855787618e-06	7.907907907907902548e-06	5.924881997224829178e+01	2.419539290965529332e+00	0.000000000000000000e+00
7.271890563269980277e-06	4.304304304304294010e-06	8.262813847067222639e+01	2.758941877794337305e+00	0.000000000000000000e+00
9.816236424740847332e-06	4.604604604604620698e-06	9.016034624822847832e+01	2.035738831615121036e+00	0.000000000000000000e+00
1.339758219871297502e-05	6.606606606606590807e-06	8.780076262357739836e+01	1.478634185303514537e+00	0.000000000000000000e+00
9.412456426969347255e-06	5.205205205205219862e-06	8.690740227551566477e+01	2.122384637431930177e+00	0.000000000000000000e+00
8.141923106270105773e-06	6.706706706706717772e-06	7.372130905049506566e+01	2.460541618209005410e+00	0.000000000000000000e+00
1.020409070773120343e-05	4.704704704704707006e-06	9.047469090284479876e+01	1.957699933906146494e+00	0.000000000000000000e+00
6.565048504316295245e-06	1.771771771771771600e-05	6.464270013819528593e+00	3.054867986798679436e+00	0.000000000000000000e+00
7.054577921203719927e-06	8.408408408408415404e-06	5.365824316209582889e+01	2.843156076022270273e+00	0.000000000000000000e+00
3.600310147341865602e-06	7.707707707707702827e-06	1.517805015790433210e+01	5.548894717122518472e+00	0.000000000000000000e+00
1.020958470580402945e-05	5.105105105105106449e-06	8.776074152260552808e+01	1.941785761111840314e+00	0.000000000000000000e+00
4.168995202707170425e-06	2.702702702702709792e-06	8.165598164789199132e+01	4.794431854969246842e+00	0.000000000000000000e+00
1.406816304819270258e-05	1.871871871871871461e-05	3.683430377335204753e+01	1.364348226623676164e+00	0.000000000000000000e+00
6.081429870538436881e-06	2.902902902902895961e-06	8.883409541213507055e+01	3.296972395369545783e+00	0.000000000000000000e+00
7.206712823860441903e-06	7.707707707707702827e-06	5.365518125913582281e+01	2.759455934414011491e+00	0.000000000000000000e+00
6.392431308271181463e-06	4.504504504504507284e-06	7.979218193443595908e+01	3.127771911298838692e+00	0.000000000000000000e+00
8.140787760609629638e-06	4.504504504504507284e-06	8.490617541187494055e+01	2.460132890365449132e+00	0.000000000000000000e+00
8.981073108118760521e-06	1.401401401401398050e-06	9.879038803583178208e+01	2.223389881399189694e+00	0.000000000000000000e+00
1.018194790570931673e-05	3.903903903903908120e-06	9.259425699561664658e+01	1.965494359654944345e+00	0.000000000000000000e+00
8.098375056087325264e-06	8.708708708708701434e-06	5.988246383887921809e+01	2.482816429170159545e+00	0.000000000000000000e+00
6.002159668342203555e-06	7.007007007007003802e-06	4.615350874642791013e+01	3.308018762564219006e+00	0.000000000000000000e+00
5.975391265401494857e-06	6.006006006005991642e-07	9.948122136024038298e+01	3.355993655109903440e+00	0.000000000000000000e+00
5.515868879688755810e-06	1.101101101101112020e-06	9.793069387313832408e+01	3.631682197155468472e+00	0.000000000000000000e+00
4.917412732482495109e-06	2.602602602602596378e-06	8.736790593197397925e+01	4.068681318681319325e+00	0.000000000000000000e+00
1.134929067131318329e-05	4.804804804804793314e-06	9.078347759722070975e+01	1.767303102625298328e+00	0.000000000000000000e+00
7.144563754880234712e-06	8.108108108108102270e-06	5.627855311815487482e+01	2.811313591495824937e+00	0.000000000000000000e+00
6.482496139867366664e-06	3.003003003002995821e-06	8.977662044613443015e+01	3.064349265466583372e+00	0.000000000000000000e+00
9.796006926963797949e-06	8.008008008008124382e-07	9.963435045983669625e+01	2.032944406314345365e+00	0.000000000000000000e+00
6.397420161534627413e-06	1.401401401401402116e-05	1.509230611650314025e+01	3.137711864406781181e+00	0.000000000000000000e+00
7.014401631963556528e-06	2.502502502502496518e-06	9.383784371889464637e+01	2.857969895793130988e+00	0.000000000000000000e+00
1.022132119458700261e-05	1.161161161161161095e-05	5.723352453451436617e+01	1.972562599893448176e+00	0.000000000000000000e+00
1.051471687956373539e-05	7.107107107107117215e-06	8.170775489293679072e+01	1.875870804306524420e+00	0.000000000000000000e+00
8.155754402255495938e-06	1.291291291291289558e-05	2.063089769628890124e+01	2.463406520292748869e+00	0.000000000000000000e+00
4.015069032926165520e-06	1.401401401401398050e-06	9.382977412803872141e+01	4.971466935213159744e+00	0.000000000000000000e+00
1.300307830181081469e-05	1.751751751751748918e-05	3.754510426030382320e+01	1.510762011629094292e+00	0.000000000000000000e+00
7.539931006531972731e-06	3.203203203203195543e-06	9.078081745811654457e+01	2.663669064748202864e+00	0.000000000000000000e+00
