# Number of simulations: 100
# One compartment simulation; White noise sigma=7; Broad stimulus; cm parameter; dt=0.05
# 2.6 GHz Intel Core i7; 8 GB 1600 MHz DDR3; macOS Sierra 10.12.1
# The simulation was running for 46.935087 minutes
# sigma	diff	pdiff	sharper
-3.420470081744900887e-02	2.202202202202208081e-02	8.104327151230204151e+01	5.805566444531555348e+00
4.961849131312018324e-02	3.003003003003046345e-03	9.982312617321794335e+01	4.004867495943753575e+00
3.929186226679871885e-02	4.304304304304307216e-02	5.558030371786313140e+01	5.059788179022893573e+00
5.203600397793403665e-02	2.202202202202196979e-02	9.189868766544773848e+01	3.819963889605364038e+00
5.991604603527989070e-02	4.904904904904916485e-02	7.210642765676473687e+01	3.316166592028659821e+00
-4.132979695746123727e-02	1.401401401401392022e-02	9.440055029008294696e+01	4.802204928664075112e+00
2.594577824546083489e-02	3.503503503503513361e-02	4.193173573066265902e+01	7.653746770025838586e+00
7.314594811085217696e-02	1.011011011011011540e-01	3.723970079090276641e+01	2.717431192660549222e+00
3.958930167471762240e-02	2.002002002002001291e-02	8.806040075704515857e+01	5.022041369955918100e+00
3.956312159200831707e-02	2.202202202202219183e-02	8.527049337197772161e+01	5.013540961408260443e+00
6.659124027047848282e-02	6.306306306306308507e-02	6.334460676638322951e+01	2.985887096774193505e+00
4.971570989889506631e-02	1.401401401401392022e-02	9.587595746818820430e+01	3.991913746630726401e+00
2.574437963872908824e-02	2.602602602602588355e-02	6.009954090468666266e+01	7.725612936880541071e+00
4.965896631008814149e-02	1.901901901901892344e-02	9.303372711882337853e+01	4.005950770895321256e+00
-4.365373307647900381e-02	4.004004004004024786e-03	9.951004456624707473e+01	4.549923195084487837e+00
6.421337486441895670e-02	4.704704704704698592e-02	7.618803730007634556e+01	3.096383023207191609e+00
9.053898505123385287e-02	1.801801801801805603e-02	9.807181868347176135e+01	2.197655438492357671e+00
-3.878233663044756280e-02	7.007007007007182153e-03	9.816710122530480476e+01	5.126341294565593287e+00
2.338829200634276462e-02	3.803803803803806893e-02	2.773483976882571511e+01	8.511494252873568200e+00
8.358298633547718570e-02	1.301301301301305280e-02	9.880215382474477792e+01	2.377207062600318555e+00
3.488112479982559411e-02	3.903903903903893635e-02	5.444392546538047384e+01	5.700538876058508286e+00
2.795998816094872469e-02	3.003003003003001936e-02	5.730135719541556227e+01	7.103117505995204972e+00
7.483776579939989404e-02	1.811811811811812056e-01	4.175389394746795269e+00	2.655073503047687744e+00
4.411817909815457517e-02	5.605605605605601394e-02	4.613122882181999529e+01	4.509744214372716442e+00
6.696256227052133081e-02	1.351351351351351981e-01	1.144295811061242318e+01	2.966746794871795601e+00
3.948996245505678737e-02	4.004004004003991479e-02	5.941726933602053151e+01	5.035702142128528180e+00
5.607045001969126335e-02	2.902902902902892990e-02	8.781345263539552093e+01	3.540521157064307811e+00
6.017850191707522362e-02	1.001001001001089463e-03	9.998494835050959750e+01	3.301382077574676721e+00
7.678118501160184628e-02	1.681681681681681528e-01	1.133605295303134142e+01	2.586899563318776796e+00
5.879321217025430812e-02	5.905905905905917130e-02	6.172632584357643282e+01	3.378193430656933671e+00
6.160934121925745049e-02	5.005005005005003227e-02	7.305425442005871162e+01	3.231507746017892480e+00
4.126811689231593694e-02	2.602602602602599458e-02	8.267551731514441826e+01	4.817826935588808368e+00
5.027142597647076688e-02	2.502502502502501613e-02	8.832489001401827977e+01	3.951440768409819171e+00
3.360295795504182614e-02	2.402402402402414872e-02	7.772377196174402059e+01	5.909816440542695837e+00
4.013698595870764108e-02	3.103103103103110882e-02	7.359804270742394294e+01	4.948212495823587354e+00
7.429137814904272774e-02	3.403403403403393312e-02	9.057969726252574105e+01	2.674733610258262839e+00
5.950750054373128706e-02	4.304304304304296114e-02	7.725723530524264504e+01	3.341606498194945374e+00
8.361697883140388476e-02	1.041041041041042003e-01	4.509392587953885112e+01	2.377970456005138011e+00
3.815353298184583769e-02	3.103103103103110882e-02	7.185642852539476166e+01	5.207454289732768693e+00
9.219057528685943581e-02	5.605605605605590291e-02	8.375924832592798452e+01	2.156691422746467079e+00
4.590240734105016651e-02	2.102102102102099135e-02	9.050304362912217471e+01	4.325350467289720946e+00
6.006518132674893568e-02	6.006006006005870645e-03	9.944460723470712082e+01	3.306541638758648816e+00
5.237800428038004441e-02	6.706706706706710985e-02	4.593110713522211341e+01	3.792573623559540863e+00
4.890517238830176250e-02	9.009009009009028013e-03	9.815924784795774372e+01	4.064215148188802473e+00
2.566999808439174302e-02	2.702702702702708404e-02	5.739239974780630860e+01	7.745815899581592667e+00
3.189845134345693084e-02	5.105105105105112173e-02	2.877863287128458580e+01	6.217464315701090705e+00
4.985991163589765379e-02	3.803803803803806893e-02	7.431888845346324501e+01	3.985468245425184630e+00
-1.520961289099125903e-02	3.003003003002824300e-03	9.818564138722820189e+01	1.305996472663137808e+01
8.305995183960650230e-02	6.706706706706699883e-02	7.137096797623068767e+01	2.392568659127625619e+00
8.522289882309491693e-02	1.001001001001000645e-02	9.930229690695557565e+01	2.333385851583422266e+00
6.109977869295937780e-02	1.701701701701718861e-02	9.627531003237913865e+01	3.257809062912450759e+00
4.425969549863742469e-02	7.907907907907907319e-02	1.932910618732276475e+01	4.494688922610015958e+00
4.185055682301951768e-02	3.603603603603600103e-02	6.945956288944444168e+01	4.745273950656839546e+00
5.180810614304258432e-02	8.308308308308309797e-02	2.937230810886949328e+01	3.831824062095732675e+00
4.682150517718387805e-02	6.406406406406395249e-02	4.098438974326475659e+01	4.244769274863859465e+00
6.693934484449635958e-02	5.705705705705699238e-02	6.923066564988631910e+01	2.969721275315818865e+00
-4.067705715489687568e-02	8.008008008008049572e-03	9.798622392095488465e+01	4.882954170787997761e+00
4.630591359118997608e-02	5.105105105105112173e-02	5.377860112529673131e+01	4.287782281412856555e+00
5.123498347806069303e-02	1.401401401401392022e-02	9.651871031039753746e+01	3.876963350785339379e+00
6.286526586677805561e-02	4.404404404404393958e-02	7.792112506419984186e+01	3.156436487638532906e+00
3.667550157858776722e-02	5.405405405405416808e-02	3.572588419700023366e+01	5.416971470373077580e+00
-3.914721351258251825e-02	1.201201201201196334e-02	9.538437519403754550e+01	5.077134041823789801e+00
6.361122044873177006e-02	4.104104104104111528e-02	8.145720336678451190e+01	3.124472573839664147e+00
4.427423614520926282e-02	1.901901901901892344e-02	9.167175254881985325e+01	4.483802603693612276e+00
4.913178640478310655e-02	2.402402402402392667e-02	8.906794579844887494e+01	4.047553976496312877e+00
4.317187728764943638e-02	6.406406406406417453e-02	3.219607866877114333e+01	4.606531881804041717e+00
6.804350446201233582e-02	3.603603603603611205e-02	8.707890308812029900e+01	2.919377094421441665e+00
7.061129315775958870e-02	1.401401401401392022e-02	9.806410715979872350e+01	2.813984419532586045e+00
7.581185632218570558e-02	5.005005005005025431e-02	8.028163051012826656e+01	2.621238938053095158e+00
4.546857702453952627e-02	1.501501501501500968e-02	9.459438299709475473e+01	4.375184638109306690e+00
4.770488484008002239e-02	4.004004004003913764e-03	9.960575685950342972e+01	4.169481981981979501e+00
6.768290656984252140e-02	3.403403403403393312e-02	8.818539863296065562e+01	2.933835182250395412e+00
5.904669581642375820e-02	5.805805805805808184e-02	6.286414543259305532e+01	3.364379827351204888e+00
4.791975621689894410e-02	3.203203203203197624e-02	8.092594741937413971e+01	4.148459383753499985e+00
5.875779337516389561e-02	4.404404404404416162e-02	7.604759065507602145e+01	3.389016018306634681e+00
5.018051510299296331e-02	2.002002002001956882e-03	9.988707026795307797e+01	3.955662393162394874e+00
-4.212503846602922569e-02	2.002002002001956882e-03	9.985032605852049414e+01	4.716560509554138747e+00
7.015080751873072062e-02	5.405405405405416808e-02	7.404079266242722213e+01	2.832281506980298680e+00
4.339065124783961919e-02	4.204204204204198270e-02	6.354565002620028480e+01	4.576637824474660832e+00
4.311193604857650741e-02	3.103103103103099780e-02	7.697120297308383385e+01	4.605099502487561836e+00
6.756065806080674419e-02	8.108108108108103007e-02	4.998097625048474413e+01	2.942578978740314710e+00
3.438503478500502808e-02	3.003003003003001936e-02	6.892597138416024904e+01	5.780640124902421739e+00
6.171893979978143596e-02	9.109109109109114755e-02	3.276062044708065457e+01	3.216768027801908403e+00
6.469733020855361616e-02	1.121121121121120279e-01	2.453637530718117432e+01	3.069430051813469618e+00
7.236094301728362987e-02	2.202202202202219183e-02	9.548078478836009708e+01	2.746152419803450151e+00
4.631665604885060877e-02	4.504504504504514006e-02	6.361926256989816153e+01	4.289024037069214756e+00
7.176242522887063546e-02	4.004004004004002581e-02	8.578143934924959524e+01	2.770295548073326231e+00
6.287025498573826920e-02	6.406406406406395249e-02	6.094173965021243333e+01	3.157782515991472305e+00
8.126424523754140206e-02	3.303303303303306571e-02	9.248547591266189727e+01	2.445104837378238916e+00
9.337507993184673838e-02	3.003003003003046345e-03	9.995809199096763109e+01	2.129097182288671952e+00
4.539457834352177840e-02	3.603603603603600103e-02	7.329018048692115883e+01	4.377771208986108498e+00
4.225867294725962203e-02	3.403403403403393312e-02	7.218130580413001951e+01	4.703080342966019067e+00
5.227655218722797315e-02	9.009009009008916991e-03	9.839905306872373103e+01	3.803287108371854242e+00
8.306567276032437996e-02	7.707707707707700528e-02	6.622524586569601013e+01	2.391409656063294253e+00
3.465301769053514419e-02	2.802802802802806248e-02	7.214364450811319784e+01	5.731424148606807378e+00
3.782154611615560352e-02	2.302302302302305925e-02	8.364725123557124675e+01	5.249911378943639129e+00
7.834703561036386599e-02	2.102102102102099135e-02	9.660355982085410176e+01	2.536393218016783191e+00
3.573223755355454945e-02	2.602602602602610560e-02	7.729532717247751350e+01	5.561396920766054741e+00
4.905324425058839310e-02	1.601601601601598812e-02	9.502371561106531317e+01	4.049767569045665816e+00
6.041191154963893722e-02	8.808808808808810120e-02	3.697767015496304310e+01	3.288918498778590660e+00
