# Number of simulations: 50
# Multi compartment simulation; White noise sigma=7; ramp stimulus; cm parameter; dt=0.1
# --
# The Ra-gpas-cm ball-and-stick simulation was running for 213.653053 minutes
# 
# sigma	diff	accuracy	sharper	sigma_err
9.147751080426129444e-02	7.749617254151797141e-03	9.963717515450485962e+01	2.186341512874310222e+00	0.000000000000000000e+00
7.704158621180234867e-02	6.283600666771294030e-02	7.166693756634639101e+01	2.596014557850907511e+00	0.000000000000000000e+00
9.215250591843712757e-02	2.238639430695021915e-03	9.996916689781045307e+01	2.170327083050598294e+00	0.000000000000000000e+00
5.626636772878254589e-02	1.269407779684872395e-03	9.997251205197709112e+01	3.554540437545536058e+00	0.000000000000000000e+00
3.020690783724205570e-04	3.020690783724205570e-04	3.020690783724205570e-04	3.020690783724205570e-04	3.020690783724205570e-04
6.462079062437643684e-02	2.756262036884682409e-02	9.133523215683841556e+01	3.094995858659763677e+00	0.000000000000000000e+00
6.811335488982415975e-02	1.596764547500473252e-02	9.727282893823378629e+01	2.936297583480854456e+00	0.000000000000000000e+00
8.471041231352738343e-02	3.705351434251746845e-02	9.090025136938714923e+01	2.360997590538542745e+00	0.000000000000000000e+00
8.339314378090181834e-02	4.983481650987586775e-02	8.367766662795752097e+01	2.398291637634219153e+00	0.000000000000000000e+00
7.434965995477041401e-02	1.743474089034580121e-02	9.727265803222195473e+01	2.690006645456519241e+00	0.000000000000000000e+00
6.585596498324244874e-02	5.173476684492195332e-03	9.968593879690023130e+01	3.036947061920003854e+00	0.000000000000000000e+00
5.016534273404691519e-02	3.934016648176663633e-02	7.358628791429430294e+01	3.986837694423346345e+00	0.000000000000000000e+00
8.103740465949128835e-02	5.810117773985545853e-03	9.973887922276985307e+01	2.468009435965322851e+00	0.000000000000000000e+00
6.211083893666982658e-02	1.652235013690761534e-02	9.650299101621310172e+01	3.220067266676147177e+00	0.000000000000000000e+00
6.839235146507294250e-02	6.751248307945489913e-03	9.950676054150135030e+01	2.924319387788598235e+00	0.000000000000000000e+00
8.550843225859441898e-02	3.106693285585127029e-02	9.363289393730703125e+01	2.338963235355806081e+00	0.000000000000000000e+00
8.495180377639569014e-02	4.277670355813745218e-02	8.811913772755049479e+01	2.354288790526378516e+00	0.000000000000000000e+00
6.681921042771839236e-02	8.495436863790051252e-02	4.460671203671495988e+01	2.993167355398723029e+00	0.000000000000000000e+00
8.421740307538255754e-02	3.781951160925500766e-02	9.038437813219167083e+01	2.374818886148089447e+00	0.000000000000000000e+00
8.328004018551758703e-02	1.146209350917344327e-01	3.881676967122123756e+01	2.401548785522136242e+00	0.000000000000000000e+00
6.431687118836663941e-02	2.210862647006051063e-02	9.428826323567159307e+01	3.109620783324734017e+00	0.000000000000000000e+00
6.945802556723620902e-02	4.903584962384632817e-04	9.999799233535753729e+01	2.879452413633052377e+00	0.000000000000000000e+00
7.509864467897903184e-02	6.455033994068992698e-03	9.962555423031254520e+01	2.663178279990280117e+00	0.000000000000000000e+00
8.363429701451789711e-02	6.848481081150314953e-02	7.154978330070304082e+01	2.391376343260789294e+00	0.000000000000000000e+00
6.307543712017212034e-02	1.407922646123871413e-02	9.755681621256292146e+01	3.170823517001080560e+00	0.000000000000000000e+00
5.854299170313593398e-02	1.445551837768288550e-02	9.701791561793100982e+01	3.416311219282142098e+00	0.000000000000000000e+00
7.287414222296290101e-02	9.272603790737576901e-03	9.920238949225279157e+01	2.744472501012074517e+00	0.000000000000000000e+00
6.345993376361044880e-02	2.686562416779492146e-02	9.145909276744731642e+01	3.151611851830365296e+00	0.000000000000000000e+00
6.892744097883354848e-02	3.879103876716816224e-02	8.531928891718311547e+01	2.901617650758015809e+00	0.000000000000000000e+00
7.901385184784279203e-02	2.382224499584706390e-02	9.557500496813689495e+01	2.531215409557648677e+00	0.000000000000000000e+00
1.027538215703129310e-01	9.754886215582270204e-02	6.375220638511356697e+01	1.946410131606706173e+00	0.000000000000000000e+00
7.339597738676720273e-02	6.782994488024907120e-02	6.520267362075040296e+01	2.724959684259529169e+00	0.000000000000000000e+00
7.382138995188353148e-02	4.324554509790701218e-02	8.419913124845481889e+01	2.709256483738987864e+00	0.000000000000000000e+00
6.124985695404342595e-02	4.105592865811757974e-02	7.983563426967332077e+01	3.265331370746352935e+00	0.000000000000000000e+00
6.151883277177521564e-02	1.050079346246612921e-02	9.856741043282664805e+01	3.251054520291956518e+00	0.000000000000000000e+00
9.622708851220922177e-02	6.988655990134873264e-02	7.678895207205115980e+01	2.078428044098920680e+00	0.000000000000000000e+00
8.532407553771471920e-02	1.247569472453768924e-02	9.892825299504058023e+01	2.344016950729935989e+00	0.000000000000000000e+00
7.594123304693888021e-02	2.900877709737159638e-02	9.294057899840082371e+01	2.633629602012717452e+00	0.000000000000000000e+00
8.575763278666558020e-02	3.652285691685752678e-02	9.135285290704254635e+01	2.332166512376760537e+00	0.000000000000000000e+00
5.071819370185803172e-02	2.316517579810906113e-02	9.013540083879350107e+01	3.943379382583129811e+00	0.000000000000000000e+00
8.892136397865256503e-02	1.764656242967044264e-02	9.806104403827373517e+01	2.249190412933601113e+00	0.000000000000000000e+00
8.224954978882109691e-02	8.964172954782911873e-03	9.941441708049123349e+01	2.431637375271659796e+00	0.000000000000000000e+00
8.068951293246932888e-02	2.701795857922140165e-02	9.456799476414184369e+01	2.478650224759066489e+00	0.000000000000000000e+00
7.504729166443110944e-02	8.676654016452023388e-02	5.121583449236470642e+01	2.665000627338505623e+00	0.000000000000000000e+00
8.066728225450098266e-02	1.299097490784917319e-02	9.872145241186619558e+01	2.479333303119992227e+00	0.000000000000000000e+00
6.771662825207250269e-02	1.006684480614272736e-02	9.891190587129837297e+01	2.953500263203723275e+00	0.000000000000000000e+00
5.172513533476690017e-02	3.439005604572142882e-02	8.011847816528246824e+01	3.866612973970016576e+00	0.000000000000000000e+00
8.132068975570073965e-02	1.969203578131994981e-02	9.712510803687483474e+01	2.459411989330111847e+00	0.000000000000000000e+00
7.664417426033209857e-02	4.757014433820505594e-02	8.244688356888394765e+01	2.609475296666833533e+00	0.000000000000000000e+00
6.629626927372335443e-02	2.701860717835902204e-02	9.200258853610812082e+01	3.016777287120067985e+00	0.000000000000000000e+00
