# Number of simulations: 100
# One compartment simulation; White noise sigma=7; narrow stimulus; gpas parameter; dt=0.1
# 2.6 GHz Intel Core i7; 8 GB 1600 MHz DDR3; macOS Sierra 10.12.1
# The simulation was running for 8.953358 minutes
# 
# sigma	diff	accuracy	sharper	sigma_err
-3.755893087530881207e-06	2.402402402402396657e-06	8.294037919879697540e+01	5.294958884519127551e+00	0.000000000000000000e+00
2.277435014230870856e-06	4.304304304304307563e-06	2.070209272934974010e+01	8.732311320754716277e+00	0.000000000000000000e+00
4.691868619690863483e-06	3.603603603603608538e-06	7.608486004809638814e+01	4.249641319942611517e+00	0.000000000000000000e+00
-1.571550960622705485e-06	1.601601601601604548e-06	6.261874208620061921e+01	1.261499148211244581e+01	0.000000000000000000e+00
1.610610082118149595e-08	1.610610082118149595e-08	1.610610082118149595e-08	1.610610082118149595e-08	1.610610082118149595e-08
5.484760962488050262e-06	6.206206206206204916e-06	5.026816213256302035e+01	3.646885003693670857e+00	0.000000000000000000e+00
4.578996358413842760e-06	2.402402402402410210e-06	8.728150999857187742e+01	4.354601587768303084e+00	0.000000000000000000e+00
5.691786203333942215e-06	6.806806806806817633e-06	5.189705172839240532e+01	3.501182033096925661e+00	0.000000000000000000e+00
5.835901599620626840e-06	5.305305305305306170e-06	6.395151791918396356e+01	3.412442396313364767e+00	0.000000000000000000e+00
4.673432523582440541e-06	7.607607607607602966e-06	3.043138045798747982e+01	4.259419039401781681e+00	0.000000000000000000e+00
3.987993348760165258e-06	9.509509509509513872e-06	3.766013541504888984e+00	4.994940978077573313e+00	0.000000000000000000e+00
5.245584049956583386e-06	5.105105105105106449e-06	6.041907474073684625e+01	3.799384299640840013e+00	0.000000000000000000e+00
-2.644685108247132069e-06	3.003003003002995821e-07	9.953133260426764650e+01	7.521584560690707910e+00	0.000000000000000000e+00
5.820329943668529096e-06	7.007007007007125775e-07	9.935322721640864074e+01	3.427447350150429450e+00	0.000000000000000000e+00
-4.207062036380732688e-06	1.001001001001134132e-07	9.996111901335689254e+01	4.727098627513570683e+00	0.000000000000000000e+00
4.844222136132432723e-06	2.002002002001997214e-07	9.995775001100064117e+01	4.112746459316857006e+00	0.000000000000000000e+00
4.097949420844510793e-06	7.207207207207203523e-06	1.768160743731003848e+01	4.862114248194353117e+00	0.000000000000000000e+00
3.624464430597284562e-06	3.303303303303308956e-06	6.398075975934469284e+01	5.499443000371336154e+00	0.000000000000000000e+00
5.527256836191226284e-06	1.041041041041041262e-05	2.117327886225648470e+01	3.603406326034064744e+00	0.000000000000000000e+00
4.633967403507803490e-06	1.801801801801797493e-06	9.276285425426502229e+01	4.300232288037165063e+00	0.000000000000000000e+00
4.429337550758194586e-06	2.702702702702696239e-06	8.303770902498895623e+01	4.502888415931896482e+00	0.000000000000000000e+00
1.883379535707168354e-06	3.703703703703708399e-06	1.768092336517711871e+01	1.054092526690392084e+01	0.000000000000000000e+00
4.814118791247667642e-06	3.103103103103109234e-06	8.231419358643003648e+01	4.142657342657339647e+00	0.000000000000000000e+00
4.429174504743317715e-06	2.902902902902895961e-06	7.937979832917069700e+01	4.498784933171324774e+00	0.000000000000000000e+00
3.519132535253586283e-06	3.003003003003009374e-06	6.843909373522615169e+01	5.669984686064319490e+00	0.000000000000000000e+00
7.019668246190549492e-06	9.009009009009014569e-06	4.008098634123747672e+01	2.841519570222565072e+00	0.000000000000000000e+00
7.654170932386925849e-06	2.802802802802796100e-06	9.355560497789696228e+01	2.607394366197183011e+00	0.000000000000000000e+00
4.153568615165832641e-06	3.803803803803808259e-06	6.731536529305198258e+01	4.797538062844186157e+00	0.000000000000000000e+00
4.258848478551364749e-06	3.703703703703708399e-06	7.007274979288906991e+01	4.679304897314374934e+00	0.000000000000000000e+00
4.844107009480151042e-06	2.902902902902909513e-06	8.384750410279072241e+01	4.116175653140633273e+00	0.000000000000000000e+00
4.517955990731105057e-06	4.304304304304307563e-06	6.529087081409980442e+01	4.409050312593036480e+00	0.000000000000000000e+00
5.071755680826835910e-06	1.901901901901910906e-06	9.372533163776313359e+01	3.926299045599151327e+00	0.000000000000000000e+00
5.045053002965308994e-06	5.205205205205206309e-06	6.131136154217250578e+01	3.948280458544388249e+00	0.000000000000000000e+00
3.992673688406411664e-06	6.606606606606604359e-06	2.964286254950794230e+01	4.986531986531987926e+00	0.000000000000000000e+00
5.539539773982920148e-06	2.902902902902909513e-06	8.771591004046054252e+01	3.606038470903334847e+00	0.000000000000000000e+00
5.111338203697396393e-06	8.008008008008124382e-07	9.878743607090767398e+01	3.897368421052633813e+00	0.000000000000000000e+00
-1.366412184902977673e-06	2.002002002002003990e-06	3.661690408081994974e+01	1.444878048780489443e+01	0.000000000000000000e+00
3.905774219501268717e-06	3.703703703703708399e-06	6.587436065278366470e+01	5.101619014812264652e+00	0.000000000000000000e+00
5.623416263582902281e-06	1.491491491491491990e-05	5.774722017861181556e+00	3.551558752997601598e+00	0.000000000000000000e+00
5.200661320992376503e-06	9.009009009008987464e-07	9.840125016380729051e+01	3.831824062095732231e+00	0.000000000000000000e+00
-1.939814176071654552e-06	1.101101101101098468e-06	8.437879928799226548e+01	1.023496890117484348e+01	0.000000000000000000e+00
3.473188187311568445e-06	3.103103103103109234e-06	6.881988445304743607e+01	5.733643050716220380e+00	0.000000000000000000e+00
4.761596149158711715e-06	2.802802802802809652e-06	8.366665099918373016e+01	4.181253529079618225e+00	0.000000000000000000e+00
-2.925750227567731860e-06	6.006006006005991642e-07	9.778561216887158025e+01	6.809195402298850119e+00	0.000000000000000000e+00
-3.223461341594850468e-06	6.006006006005991642e-07	9.827010985738617421e+01	6.186299081035923741e+00	0.000000000000000000e+00
6.253535257180736316e-06	9.409409409409414012e-06	2.787486637125590860e+01	3.188374596340152411e+00	0.000000000000000000e+00
-2.970934133301127253e-06	2.502502502502496518e-06	7.105045410946016204e+01	6.707427536231887366e+00	0.000000000000000000e+00
4.739246208026811338e-06	1.201201201201198328e-06	9.679861320409341374e+01	4.210975263008244873e+00	0.000000000000000000e+00
5.095104333752380488e-06	4.004004004003994428e-07	9.976353753301292215e+01	3.914882368490615328e+00	0.000000000000000000e+00
9.568052929796671500e-06	1.541541541541540565e-05	2.142687519401340168e+01	2.087679729348744573e+00	0.000000000000000000e+00
3.349294413390437948e-06	4.504504504504507284e-06	3.879102012597470406e+01	5.945403452428742241e+00	0.000000000000000000e+00
4.675854429172725433e-06	1.101101101101084915e-06	9.734772472612559113e+01	4.258194364577342128e+00	0.000000000000000000e+00
5.379452023423077755e-06	3.903903903903908120e-06	7.815021555015100319e+01	3.700649675162417829e+00	0.000000000000000000e+00
6.781459049549834704e-06	2.302302302302283244e-06	9.428722848380829191e+01	2.940242207663294138e+00	0.000000000000000000e+00
5.064943380925557787e-06	1.101101101101112020e-06	9.769136459056419142e+01	3.937782504653017934e+00	0.000000000000000000e+00
-2.895720557392041577e-06	2.002002002001997214e-07	9.968386103085914840e+01	6.859657248726266587e+00	0.000000000000000000e+00
4.223929233945943495e-06	5.305305305305306170e-06	4.233500533237960894e+01	4.712058542793511329e+00	0.000000000000000000e+00
3.026917172434107576e-06	3.203203203203209095e-06	5.865452959217739703e+01	6.573457612072791889e+00	0.000000000000000000e+00
-2.822050807191164335e-06	2.702702702702709792e-06	6.559093099723780540e+01	7.055740828966171385e+00	0.000000000000000000e+00
-4.409730921766463319e-06	4.004004004003994428e-07	9.949342160283964631e+01	4.522137404580151454e+00	0.000000000000000000e+00
-4.043502565188819953e-06	1.101101101101098468e-06	9.603203166444522765e+01	4.925174592617225677e+00	0.000000000000000000e+00
-3.839496315905034921e-06	7.007007007007125775e-07	9.848799085302130152e+01	5.187390542907174940e+00	0.000000000000000000e+00
3.066776582521452096e-06	4.304304304304307563e-06	4.090913793500989470e+01	6.487078405606660603e+00	0.000000000000000000e+00
-3.053869761942807381e-06	1.001001001001012160e-06	9.466264344286994969e+01	6.518485915492957972e+00	0.000000000000000000e+00
7.561377358532944198e-06	5.105105105105079344e-06	7.860244217708839187e+01	2.638517726705861044e+00	0.000000000000000000e+00
4.760904870531390890e-06	9.009009009009014569e-06	2.076821560205531725e+01	4.185980780101751897e+00	0.000000000000000000e+00
4.272018914910183203e-06	4.804804804804806866e-06	5.536518947903429222e+01	4.664566929133859396e+00	0.000000000000000000e+00
4.559489782154269816e-06	3.303303303303308956e-06	7.823577651086110052e+01	4.373892498523332506e+00	0.000000000000000000e+00
-2.922421620961992933e-06	5.005005005005128561e-07	9.842661568650210313e+01	6.821741133118381484e+00	0.000000000000000000e+00
-2.778381232708421561e-06	1.801801801801797493e-06	8.139644207205486737e+01	7.168441432720229045e+00	0.000000000000000000e+00
5.494800096656591803e-06	1.001001001000998607e-07	9.998430370288207314e+01	3.622798434442268789e+00	0.000000000000000000e+00
4.275619291160055322e-06	4.804804804804793314e-06	5.168388708953687427e+01	4.658697703680403812e+00	0.000000000000000000e+00
6.478918668196561071e-06	6.506506506506504499e-06	5.793083159443216346e+01	3.076443705857915489e+00	0.000000000000000000e+00
3.929184729538385561e-06	8.108108108108102270e-06	1.584705977441178426e+01	5.073655361425144505e+00	0.000000000000000000e+00
-2.708660954006151182e-06	2.002002002001997214e-07	9.966196522078688247e+01	7.342588001983143542e+00	0.000000000000000000e+00
5.429046979105467757e-06	1.201201201201198328e-06	9.740853857930062532e+01	3.673115079365079971e+00	0.000000000000000000e+00
4.132241269715240232e-06	2.702702702702709792e-06	8.209773048302660925e+01	4.822533376750243406e+00	0.000000000000000000e+00
3.720707692742606664e-06	2.702702702702696239e-06	7.723828067801021291e+01	5.352367184676543488e+00	0.000000000000000000e+00
-2.670035520912477201e-06	2.002002002001997214e-06	7.627183315060514701e+01	7.434738955823292805e+00	0.000000000000000000e+00
3.600752939649031763e-06	3.503503503503508677e-06	6.370017684177680195e+01	5.528182157521461804e+00	0.000000000000000000e+00
5.289086056934514644e-06	9.009009009008987464e-07	9.869316872595284451e+01	3.766531027466938575e+00	0.000000000000000000e+00
4.430728867667638559e-06	4.404404404404393871e-06	5.837886537518365060e+01	4.497418767081689417e+00	0.000000000000000000e+00
5.758335733593683187e-06	1.391391391391392130e-05	3.058921215344436728e+00	3.459472085961224241e+00	0.000000000000000000e+00
-4.062944070112948116e-06	8.008008008007988857e-07	9.810117690205296981e+01	4.903973509933774011e+00	0.000000000000000000e+00
4.209527785137594137e-06	5.605605605605605752e-06	4.511974725703634448e+01	4.728607918263093346e+00	0.000000000000000000e+00
7.072717466057946052e-06	9.509509509509527425e-06	4.423825726378270673e+01	2.820415159017329199e+00	0.000000000000000000e+00
2.571648565208591986e-06	3.603603603603608538e-06	4.091814179631577986e+01	7.737722048066874692e+00	0.000000000000000000e+00
5.085161961184745941e-06	6.706706706706717772e-06	4.497278799879845224e+01	3.920063525674960747e+00	0.000000000000000000e+00
2.154410983847278797e-06	4.404404404404393871e-06	9.615467827310707705e+00	9.238927011852775095e+00	0.000000000000000000e+00
3.413706252210620509e-06	2.802802802802809652e-06	6.996224032821105254e+01	5.830708661417327576e+00	0.000000000000000000e+00
-4.199643418135057863e-06	1.401401401401411602e-06	9.457377270874721376e+01	4.746794871794872250e+00	0.000000000000000000e+00
3.190047938958593955e-06	3.403403403403408817e-06	5.941990377495712039e+01	6.227922624053826794e+00	0.000000000000000000e+00
1.003162489186057319e-05	1.461461461461460677e-05	2.928153044515700643e+01	1.989254533243787426e+00	0.000000000000000000e+00
6.745608865154407882e-06	2.302302302302296796e-06	9.432904073535014788e+01	2.959040959040958541e+00	0.000000000000000000e+00
-2.689634153249414524e-06	2.302302302302296796e-06	7.160588527953488835e+01	7.405000000000004690e+00	0.000000000000000000e+00
5.260268372063941137e-06	4.004004004003994428e-07	9.969691502749886070e+01	3.785787321063392330e+00	0.000000000000000000e+00
1.198732403349754951e-05	2.102102102102102496e-05	1.657433751318469106e+01	1.640815422113892419e+00	0.000000000000000000e+00
4.736367432258704722e-06	4.904904904904893175e-06	5.621926540825871399e+01	4.208581983518047132e+00	0.000000000000000000e+00
3.844772151044871892e-06	1.901901901901897353e-06	8.796018663913686453e+01	5.180132913606157352e+00	0.000000000000000000e+00
4.884634621818287944e-06	2.702702702702696239e-06	8.563834169122482365e+01	4.078766180115671602e+00	0.000000000000000000e+00
