# Number of simulations: 100
# Multi compartment simulation; White noise sigma=7; both stimulus; Ra parameter; dt=0.1
# 2.6 GHz Intel Core i7; 8 GB 1600 MHz DDR3; macOS Sierra 10.12.1
# The simulation was running for 44.903864 minutes
# sigma	diff	accuracy	sharper	sigma_err
1.424268470393010411e+01	3.003003003003003357e+01	1.242030567479066505e+01	1.192815721649483907e+00	0.000000000000000000e+00
1.750842163215190794e+01	5.605605605605603614e+00	9.480984186024551263e+01	1.131743848387589901e+00	0.000000000000000000e+00
1.048765314515357083e+01	3.503503503503509364e+00	9.469215058885677649e+01	1.900911307919394888e+00	0.000000000000000000e+00
1.575064582968927773e+01	4.504504504504510010e+00	9.573263320764128537e+01	1.269609944277753977e+00	0.000000000000000000e+00
7.948760435171871308e-02	7.948760435171871308e-02	7.948760435171871308e-02	7.948760435171871308e-02	7.948760435171871308e-02
9.055355892666613116e+00	3.603603603603602323e+00	9.208420555943399677e+01	2.202230483271375938e+00	0.000000000000000000e+00
1.140878268183547384e+01	9.009009009008934754e-01	9.965977746531700632e+01	1.749970459647878673e+00	0.000000000000000000e+00
1.613295616101103747e+01	1.921921921921921239e+01	4.755947396599393073e+01	1.170288423548003998e+00	0.000000000000000000e+00
1.447797875367079179e+01	6.706706706706697219e+00	8.934809792652322358e+01	1.378187232458588207e+00	0.000000000000000000e+00
9.540234657134178065e+00	1.361361361361362299e+01	3.990441900108587703e+01	2.090036692068867552e+00	0.000000000000000000e+00
1.288264477467410352e+01	6.306306306306296960e+00	8.824559632983073243e+01	1.553387874973777283e+00	0.000000000000000000e+00
1.921668598937264250e+01	1.621621621621619624e+01	7.263221410037216685e+01	1.060812262731895661e+00	0.000000000000000000e+00
1.833478489115046983e+01	4.004004004004002581e+00	9.767485906177417121e+01	1.100378928597963935e+00	0.000000000000000000e+00
1.865825838037399365e+01	1.981981981981982699e+01	5.878099074180778416e+01	9.322087241140553093e-01	0.000000000000000000e+00
1.473873295340701084e+01	2.002002002002001291e+00	9.908079154869645322e+01	1.359838398677806648e+00	0.000000000000000000e+00
1.528386169118060955e+01	4.144144144144144093e+01	1.674204335611193173e+01	1.129930571450370458e+00	0.000000000000000000e+00
1.340495433184288387e+01	9.109109109109098767e+00	7.799835930758855795e+01	1.491590291066572149e+00	0.000000000000000000e+00
1.348035990579000298e+01	8.108108108108098122e+00	8.224911568610123425e+01	1.485456369107322150e+00	0.000000000000000000e+00
1.774524345616729448e+01	8.408408408408405421e+00	8.863609373410182002e+01	1.106214520466088924e+00	0.000000000000000000e+00
1.428078688797227436e+01	1.831831831831830470e+01	4.040549738824197590e+01	1.366236162361623263e+00	0.000000000000000000e+00
1.667855210813506517e+01	4.504504504504510010e+00	9.643651445613285489e+01	1.211947626841243908e+00	0.000000000000000000e+00
1.916720734325103948e+01	2.092092092092090638e+01	5.888874086095865579e+01	8.725108990220333816e-01	0.000000000000000000e+00
1.257410486606160305e+01	5.905905905905896702e+00	8.906482230692779467e+01	1.589396866280317733e+00	0.000000000000000000e+00
1.058223218171173841e+01	1.101101101101093604e+00	9.950819494661924125e+01	1.882547349688571181e+00	0.000000000000000000e+00
1.585413474158602831e+01	2.042042042042042738e+01	4.155493519553353821e+01	1.181491822895891053e+00	0.000000000000000000e+00
1.054937368831878075e+01	7.107107107107111688e+00	8.077872350405617397e+01	1.891684761783113844e+00	0.000000000000000000e+00
1.806598285066414533e+01	3.433433433433430082e+01	3.567824499858768661e+01	8.923299391456287477e-01	0.000000000000000000e+00
1.785353257175953701e+01	2.442442442442441575e+01	4.413372977691643939e+01	9.391249207355740758e-01	0.000000000000000000e+00
1.202549742447883929e+01	2.002002002002001291e+00	9.865437155864609053e+01	1.677806729353119586e+00	0.000000000000000000e+00
1.184481711773181800e+01	1.511511511511511685e+01	4.859591968214500213e+01	1.692764887415704411e+00	0.000000000000000000e+00
1.386455128116576674e+01	7.507507507507511946e+00	8.581386281065701382e+01	1.439121562530366161e+00	0.000000000000000000e+00
1.112889088436986640e+01	4.004004004004002581e+00	9.403996968526853095e+01	1.796240145542753686e+00	0.000000000000000000e+00
9.961343701427232133e+00	1.651651651651651775e+01	2.892742191598476253e+01	2.001080935008782369e+00	0.000000000000000000e+00
1.437735389843840395e+01	2.902902902902901872e+01	1.445789345656330838e+01	1.209078292105477459e+00	0.000000000000000000e+00
1.417180008213581388e+01	5.305305305305296315e+00	9.285078614499899174e+01	1.414112479709729753e+00	0.000000000000000000e+00
1.288865701524429497e+01	3.113113113113112718e+01	1.121070184599225783e+01	1.516951756632182180e+00	0.000000000000000000e+00
1.377136840955583885e+01	1.001001001001000645e+00	9.973272451219956736e+01	1.456243854473942889e+00	0.000000000000000000e+00
1.414013773748453318e+01	8.508508508508512591e+00	8.142393430818206923e+01	1.421168793781786732e+00	0.000000000000000000e+00
1.043114469773153274e+01	1.201201201201200774e+00	9.932649298133360105e+01	1.913683938493345504e+00	0.000000000000000000e+00
1.720346505456067021e+01	6.806806806806804389e+00	9.192471752780639349e+01	1.152170530574139651e+00	0.000000000000000000e+00
1.434545596854558980e+01	1.661661661661661071e+01	4.811156961593874826e+01	1.367623972665989118e+00	0.000000000000000000e+00
1.083450633217166725e+01	2.002002002002001291e+00	9.831201009416183467e+01	1.854031046569855290e+00	0.000000000000000000e+00
1.419114631608052335e+01	8.908908908908898638e+00	8.055600408903677589e+01	1.409402360106585039e+00	0.000000000000000000e+00
1.424912884612422381e+01	1.901901901901901226e+01	3.815919984170233192e+01	1.367118988276562641e+00	0.000000000000000000e+00
1.755476735664749555e+01	4.404404404404402840e+00	9.687143111490783554e+01	1.151453895195148291e+00	0.000000000000000000e+00
1.295814030671072814e+01	1.881881881881882634e+01	3.036377302987249749e+01	1.519909688013136417e+00	0.000000000000000000e+00
1.043335504495350996e+01	2.002002002002001291e+00	9.804546091777621086e+01	1.918642311180205340e+00	0.000000000000000000e+00
1.232181171088580562e+01	2.602602602602615889e+00	9.787427576553410802e+01	1.623013698630136892e+00	0.000000000000000000e+00
1.614636844545906769e+01	1.341341341341342286e+01	6.782486040400253557e+01	1.208979591836734313e+00	0.000000000000000000e+00
1.205374952038057224e+01	9.009009009008934754e-01	9.973674507462693839e+01	1.668168506420364405e+00	0.000000000000000000e+00
1.703622816233175286e+01	1.241241241241242221e+01	7.539597900294255339e+01	1.140458955798552054e+00	0.000000000000000000e+00
1.307720721597818958e+01	6.406406406406404130e+00	8.908542647032730599e+01	1.539661087431125619e+00	0.000000000000000000e+00
1.805312802015680518e+01	7.507507507507511946e+00	9.209453481607653202e+01	1.117988978636672126e+00	0.000000000000000000e+00
1.063827895307904825e+01	4.204204204204202711e+00	9.238476344359655457e+01	1.879680162457164405e+00	0.000000000000000000e+00
1.057773449067680716e+01	3.073073073073074113e+01	3.789375492956177816e+00	1.874446272623717880e+00	0.000000000000000000e+00
1.342228531380509260e+01	6.306306306306311171e+00	8.897687103803636433e+01	1.491590291066572371e+00	0.000000000000000000e+00
8.541247318507901198e+00	2.002002002002001291e+01	9.286221262123197207e+00	2.334857323033263654e+00	0.000000000000000000e+00
1.369731481262833483e+01	4.004004004004002581e-01	9.995724031886076943e+01	1.468372000793178644e+00	0.000000000000000000e+00
1.307152412000442609e+01	9.309309309309313107e+00	7.867194577259233768e+01	1.531540847983453801e+00	0.000000000000000000e+00
1.541441321039988743e+01	1.701701701701708203e+00	9.942547227291392176e+01	1.303238296374515492e+00	0.000000000000000000e+00
1.480589123069410284e+01	4.804804804804803098e+00	9.490603755616633919e+01	1.355358286812482493e+00	0.000000000000000000e+00
1.452503180098511848e+01	4.504504504504504325e+01	1.267790018200591362e+01	1.256149279050042589e+00	0.000000000000000000e+00
1.173355637305205867e+01	1.501501501501499547e+01	4.742803953674052764e+01	1.700539671604087255e+00	0.000000000000000000e+00
1.373602788663377083e+01	1.131131131131131440e+01	7.322917716942309596e+01	1.465756136183689051e+00	0.000000000000000000e+00
1.073833332181559541e+01	1.031031031031031375e+01	6.540481884543621049e+01	1.861020356873585690e+00	0.000000000000000000e+00
1.461947738621748449e+01	8.008008008008005163e-01	9.985668708249404801e+01	1.379985091315691248e+00	0.000000000000000000e+00
1.109701150830744076e+01	1.131131131131131440e+01	6.209487354995451369e+01	1.800389010454655825e+00	0.000000000000000000e+00
1.366341712750902282e+01	1.161161161161160749e+01	6.610084059469868123e+01	1.465321064608686719e+00	0.000000000000000000e+00
1.779681160845284538e+01	8.108108108108126544e+00	8.963397112367363206e+01	1.103083569194100555e+00	0.000000000000000000e+00
1.655357544756862964e+01	4.904904904904896057e+00	9.580363844576673671e+01	1.216626961307812671e+00	0.000000000000000000e+00
1.323380933379857360e+01	1.101101101101093604e+00	9.963980275960943800e+01	1.509683995922527888e+00	0.000000000000000000e+00
1.519710016148527032e+01	3.783783783783783861e+01	1.624856564488058552e+01	1.087291681961677359e+00	0.000000000000000000e+00
1.373560414584383338e+01	2.012012012012012008e+01	3.092976666741988367e+01	1.417631856035224791e+00	0.000000000000000000e+00
1.438431866933120951e+01	4.104104104104109751e+00	9.606381254911148915e+01	1.399149740198393665e+00	0.000000000000000000e+00
1.624504109512703209e+01	4.304304304304295670e+00	9.654937933953682716e+01	1.239226842942013018e+00	0.000000000000000000e+00
1.629224533742705106e+01	1.221221221221219366e+01	7.424966726234592329e+01	1.203673602080623573e+00	0.000000000000000000e+00
1.382242096671792098e+01	1.121121121121122144e+01	6.998648021542706488e+01	1.441923863304449327e+00	0.000000000000000000e+00
1.231724037808651495e+01	2.002002002002001291e+00	9.860646269660598762e+01	1.626400175708323959e+00	0.000000000000000000e+00
1.022516603800272783e+01	1.901901901901894121e+00	9.827380953044962553e+01	1.949453731736211504e+00	0.000000000000000000e+00
1.129614794508135844e+01	2.072072072072072046e+01	2.404818403605933597e+01	1.774715398442180181e+00	0.000000000000000000e+00
1.499273149242415215e+01	1.031031031031031375e+01	8.020630685638056434e+01	1.339786502623484088e+00	0.000000000000000000e+00
9.997375120989602237e+00	9.009009009009012914e+00	6.887027250265758482e+01	2.006503183850426364e+00	0.000000000000000000e+00
1.378455769798838659e+01	8.608608608608605550e+00	8.296856100199964601e+01	1.452530404080030868e+00	0.000000000000000000e+00
1.225471582631043255e+01	1.121121121121122144e+01	6.406690030511366274e+01	1.624972569673029499e+00	0.000000000000000000e+00
1.245438292630141675e+01	7.107107107107097477e+00	8.566078802554338267e+01	1.611183637946039582e+00	0.000000000000000000e+00
1.044851145158022909e+01	1.501501501501493863e+00	9.900933089086481687e+01	1.911461022199276938e+00	0.000000000000000000e+00
1.112841061241838148e+01	7.207207207207204647e+00	8.198547381355207619e+01	1.795151515151515165e+00	0.000000000000000000e+00
1.897229404104727024e+01	7.007007007007075572e-01	9.993918755702038936e+01	1.051846590909090384e+00	0.000000000000000000e+00
1.291425655082738366e+01	7.607607607607619116e+00	8.467433906972303248e+01	1.548839154988495226e+00	0.000000000000000000e+00
1.006915681636015414e+01	1.251251251251250096e+01	4.930003226414672213e+01	1.985787074282647557e+00	0.000000000000000000e+00
1.310871278568896869e+01	7.307307307307311817e+00	8.492494190416300626e+01	1.525545941491553537e+00	0.000000000000000000e+00
1.215839628889560231e+01	8.308308308308312462e+00	8.002028377692349181e+01	1.641906873614190632e+00	0.000000000000000000e+00
1.100631343490129233e+01	2.402402402402401549e+00	9.765762456794560364e+01	1.815841098577733126e+00	0.000000000000000000e+00
1.505136186581754032e+01	2.202202202202201420e+00	9.888080171656376649e+01	1.327774789313250547e+00	0.000000000000000000e+00
1.673196676676800365e+01	1.291291291291290122e+01	7.589699956072786335e+01	1.204554697031312793e+00	0.000000000000000000e+00
1.602928837881302471e+01	9.509509509509513236e+00	8.466739869496353776e+01	1.256468991261558976e+00	0.000000000000000000e+00
1.168699956149849939e+01	3.903903903903895412e+00	9.463800560765437808e+01	1.711149624494511468e+00	0.000000000000000000e+00
1.270248768117069993e+01	1.201201201201200774e+01	6.627162307231267846e+01	1.581926938688314355e+00	0.000000000000000000e+00
1.297906078470508540e+01	6.406406406406404130e+00	8.910511970295135598e+01	1.545445058958571982e+00	0.000000000000000000e+00
1.341475525661674872e+01	9.209209209209205937e+00	8.011831633188423041e+01	1.499594977723774036e+00	0.000000000000000000e+00
