# Number of simulations: 50
# One compartment simulation; Exp colored noise sigma=3; broad stimulus; cm parameter; dt=0.1
# MacBook Pro (Retina, Mid 2012); 2.6 GHz Intel Core i7; 8 GB 1600 MHz DDR3; macOS Sierra 10.12.1
# The simulation was running for 39.784109 minutes
# sigma	diff	accuracy	sharper	sigma_err
1.439149443416659624e-01	1.571571571571570569e-01	5.481251550936047323e+01	1.360338017819418432e+00	0.000000000000000000e+00
1.233034459299812702e-01	5.905905905905894926e-02	8.902121753519395497e+01	1.604202772963605250e+00	0.000000000000000000e+00
1.021852508530831233e-01	3.503503503503502259e-02	9.418810209141457790e+01	1.940767920324991014e+00	0.000000000000000000e+00
1.278164711676145482e-01	5.905905905905917130e-02	8.977883586492811219e+01	1.552085516663172404e+00	0.000000000000000000e+00
3.907768668114518403e-04	3.907768668114518403e-04	3.907768668114518403e-04	3.907768668114518403e-04	3.907768668114518403e-04
1.028303623610836853e-01	1.381381381381381335e-01	4.355275709408602580e+01	1.931151388707782246e+00	0.000000000000000000e+00
1.063522678373064051e-01	8.008008008008005163e-02	7.702388911784829872e+01	1.866179435483871885e+00	0.000000000000000000e+00
1.232445861020914912e-01	1.251251251251250807e-01	6.299360995318231460e+01	1.604376557252735980e+00	0.000000000000000000e+00
8.677836430381408173e-02	4.704704704704709695e-02	8.631192249439648378e+01	2.286905497220505179e+00	0.000000000000000000e+00
1.041656496289997125e-01	9.009009009009016911e-02	6.737938611282015700e+01	1.906539649845520490e+00	0.000000000000000000e+00
1.160078910105550726e-01	7.907907907907918421e-02	8.098750561210590604e+01	1.703669619233866062e+00	0.000000000000000000e+00
1.221747776044719153e-01	2.802802802802806248e-02	9.746078628583974535e+01	1.622658047551222005e+00	0.000000000000000000e+00
6.919056847521266873e-02	2.002002002002178926e-03	9.996462653357289696e+01	2.872381691233514722e+00	0.000000000000000000e+00
7.858288952084760415e-02	3.003003003003046345e-03	9.993222087573252566e+01	2.528598258494110240e+00	0.000000000000000000e+00
6.362696611786812506e-02	3.403403403403393312e-02	8.618734158121006317e+01	3.119208087615837677e+00	0.000000000000000000e+00
1.467750406211717207e-01	3.303303303303306571e-02	9.760616672121241777e+01	1.344408133623820722e+00	0.000000000000000000e+00
1.125983418535445590e-01	1.431431431431431367e-01	4.347072473027262163e+01	1.761417697431018725e+00	0.000000000000000000e+00
1.171719004460363700e-01	1.951951951951951258e-01	2.093606814291066698e+01	1.680281370546856223e+00	0.000000000000000000e+00
1.219399500231145156e-01	4.904904904904894281e-02	9.264754267426705781e+01	1.624794295117935938e+00	0.000000000000000000e+00
8.687886965879904055e-02	2.602602602602610560e-02	9.564629841394065579e+01	2.285846581262541033e+00	0.000000000000000000e+00
1.109108868279368026e-01	1.641641641641641280e-01	3.929110118227407611e+01	1.788647342995169254e+00	0.000000000000000000e+00
1.048437741233376741e-01	7.407407407407418098e-02	7.784214123857373124e+01	1.893377652774225650e+00	0.000000000000000000e+00
1.073730171999329186e-01	6.806806806806808829e-02	8.141640347052175741e+01	1.847094038413569228e+00	0.000000000000000000e+00
1.116405290570592901e-01	1.831831831831831625e-01	3.378838518703445004e+01	1.778978978978979386e+00	0.000000000000000000e+00
1.356797603689962328e-01	2.002002002002001291e-01	3.209906412140672671e+01	1.433827088779165537e+00	0.000000000000000000e+00
1.370880355088700542e-01	1.501501501501500968e-02	9.940456254533667391e+01	1.443329110223173783e+00	0.000000000000000000e+00
1.304528899313792401e-01	1.091091091091092036e-01	7.280086246647550752e+01	1.517262575555782700e+00	0.000000000000000000e+00
1.025810948903688735e-01	6.106106106106112819e-02	8.459281889124933684e+01	1.939497118910424422e+00	0.000000000000000000e+00
1.300783451629219656e-01	1.191191191191192100e-01	6.520005716394007322e+01	1.520533880903490065e+00	0.000000000000000000e+00
5.151804974446467372e-02	8.608608608608614432e-02	2.311498591496645005e+01	3.856770833333335258e+00	0.000000000000000000e+00
1.201582041374761600e-01	7.707707707707722733e-02	8.086284887536615429e+01	1.647385984427141237e+00	0.000000000000000000e+00
8.001494422412430696e-02	1.091091091091092036e-01	4.566681086647997034e+01	2.493685805691194801e+00	0.000000000000000000e+00
6.489189694951333354e-02	2.292292292292292810e-01	1.442167041579964559e+00	3.081564710778194272e+00	0.000000000000000000e+00
9.127683492705948587e-02	1.271271271271272596e-01	3.506210142235286753e+01	2.177620938097337699e+00	0.000000000000000000e+00
1.083381269715264772e-01	3.303303303303306571e-02	9.573977438769242099e+01	1.832013854527462238e+00	0.000000000000000000e+00
1.230619846972461351e-01	1.001001001001000645e-01	7.135110340198380641e+01	1.608384013900955534e+00	0.000000000000000000e+00
1.136001018249101074e-01	1.001001001001000645e-01	6.730520635810823649e+01	1.747080335024183917e+00	0.000000000000000000e+00
1.107018101133355331e-01	3.303303303303306571e-02	9.571380080046331784e+01	1.790160763930860321e+00	0.000000000000000000e+00
7.665938385035639402e-02	1.001001001001000645e-02	9.916237875868208107e+01	2.591426071741031567e+00	0.000000000000000000e+00
9.693063053720624156e-02	4.804804804804785334e-02	8.829568834180312820e+01	2.049259720492597303e+00	0.000000000000000000e+00
8.564001970446324941e-02	4.004004004003913764e-03	9.991195905220142492e+01	2.318772506654141807e+00	0.000000000000000000e+00
8.988724850849892645e-02	9.409409409409397185e-02	5.657049845302098845e+01	2.210117892851812371e+00	0.000000000000000000e+00
1.083944452340246528e-01	3.603603603603611205e-02	9.473081571833591852e+01	1.830202669303016005e+00	0.000000000000000000e+00
1.443216022701988288e-01	9.009009009009005808e-02	8.318838604410116488e+01	1.370534888025170206e+00	0.000000000000000000e+00
7.123988968765403162e-02	9.509509509509517233e-02	4.526745976744319933e+01	2.788552061758614364e+00	0.000000000000000000e+00
1.186775472466539832e-01	8.408408408408418744e-02	7.762435902665976073e+01	1.673635439032658434e+00	0.000000000000000000e+00
1.064846704489052359e-01	6.006006006006092690e-03	9.985512444717709002e+01	1.862424547283701992e+00	0.000000000000000000e+00
9.273422039996657984e-02	7.407407407407395894e-02	7.243856411665422002e+01	2.138937030618140778e+00	0.000000000000000000e+00
1.323818458773460549e-01	6.006006006006003872e-02	9.069491454800851216e+01	1.495053502927517597e+00	0.000000000000000000e+00
1.355155753227616222e-01	6.306306306306308507e-02	9.024276492543791051e+01	1.461994076999012293e+00	0.000000000000000000e+00
