# Number of simulations: 100
# One compartment simulation; White noise sigma=7; both stimulus; cm parameter; dt=0.1
# 2.6 GHz Intel Core i7; 8 GB 1600 MHz DDR3; macOS Sierra 10.12.1
# The simulation was running for 32.466162 minutes
# sigma	diff	accuracy	sharper	sigma_err
4.248443495828223282e-02	4.904904904904894281e-02	4.966638971747211428e+01	4.679304897314376710e+00	0.000000000000000000e+00
5.057962714069987042e-02	7.507507507507504840e-02	3.613696718941697128e+01	3.934643995749201650e+00	0.000000000000000000e+00
6.405147961189038008e-02	1.301301301301305280e-02	9.810136742543640764e+01	3.102870312172637313e+00	0.000000000000000000e+00
4.555835124317596935e-02	1.201201201201218538e-02	9.635759748457378748e+01	4.362297496318113588e+00	0.000000000000000000e+00
1.428721087122208357e-04	1.428721087122208357e-04	1.428721087122208357e-04	1.428721087122208357e-04	1.428721087122208357e-04
4.057255158507876852e-02	2.202202202202208081e-02	8.636694995577632028e+01	4.903973509933774011e+00	0.000000000000000000e+00
5.217478990335717992e-02	5.705705705705721442e-02	5.331300293136773405e+01	3.813079299691042312e+00	0.000000000000000000e+00
3.685260860484475959e-02	2.402402402402403769e-02	8.116003224904481783e+01	5.403137541043413705e+00	0.000000000000000000e+00
-2.950130823215286330e-02	3.003003003003046345e-03	9.964572083825530058e+01	6.728759654702403559e+00	0.000000000000000000e+00
-3.292315304079525273e-02	1.501501501501500968e-02	9.032960261052198803e+01	6.037505095801063426e+00	0.000000000000000000e+00
4.304449832416639560e-02	2.202202202202196979e-02	8.857348631236747849e+01	4.616583541147135428e+00	0.000000000000000000e+00
4.301930726183755826e-02	2.902902902902892990e-02	7.983807219537075639e+01	4.619463505926385771e+00	0.000000000000000000e+00
5.184716259274013000e-02	6.806806806806808829e-02	4.119636922647546129e+01	3.829842254978015337e+00	0.000000000000000000e+00
4.164075248980837057e-02	2.402402402402392667e-02	8.488067914389856128e+01	4.772800515630034823e+00	0.000000000000000000e+00
-4.039762455369234201e-02	1.401401401401414226e-02	9.456606151275347827e+01	4.920265780730893823e+00	0.000000000000000000e+00
7.736716717396099896e-02	9.609609609609615077e-02	4.393944233462826787e+01	2.571180555555553582e+00	0.000000000000000000e+00
3.282973708568149435e-02	5.405405405405394603e-02	2.851107244757035275e+01	6.062218583708561148e+00	0.000000000000000000e+00
4.281520837927179496e-02	2.502502502502501613e-02	8.486894212003522853e+01	4.644089056130450643e+00	0.000000000000000000e+00
4.365042300166407929e-02	4.004004004003991479e-02	6.467260537912555662e+01	4.558325638658050849e+00	0.000000000000000000e+00
2.739244657989348478e-02	2.702702702702708404e-02	6.286321579420258843e+01	7.245596868884539354e+00	0.000000000000000000e+00
4.546225292689496517e-02	4.404404404404393958e-02	6.147263769427470947e+01	4.380360839988170163e+00	0.000000000000000000e+00
3.077841574190164076e-02	8.208208208208200851e-02	4.234348993905993730e+00	6.453159041394336271e+00	0.000000000000000000e+00
3.384445360168692601e-02	2.502502502502501613e-02	7.600900477876569994e+01	5.867670364500789937e+00	0.000000000000000000e+00
-4.078180871747695557e-02	2.002002002002067904e-03	9.987178681007206649e+01	4.879736408566720307e+00	0.000000000000000000e+00
3.475012512243413204e-02	6.706706706706722088e-02	1.379133050095250823e+01	5.711531045121480687e+00	0.000000000000000000e+00
3.892194139252602714e-02	4.504504504504502904e-02	5.330393571853855406e+01	5.108658157985513704e+00	0.000000000000000000e+00
-3.216044509718702510e-02	1.001001001001000645e-02	9.578147292094425325e+01	6.194061062317022248e+00	0.000000000000000000e+00
4.002248750299066543e-02	3.403403403403393312e-02	7.021101749367535660e+01	4.968131499496814207e+00	0.000000000000000000e+00
3.125541482159396173e-02	4.004004004004002581e-02	4.090006194064292089e+01	6.378122308354866377e+00	0.000000000000000000e+00
5.736105340593958268e-02	2.102102102102110237e-02	9.319976426855944851e+01	3.466760299625464725e+00	0.000000000000000000e+00
5.316270091171102635e-02	3.103103103103110882e-02	8.445745624370698579e+01	3.738954809391569878e+00	0.000000000000000000e+00
7.527303272945894130e-02	9.009009009009139035e-03	9.924814918034243760e+01	2.642755174875087043e+00	0.000000000000000000e+00
3.785764590123934237e-02	8.308308308308309797e-02	1.147354692896100303e+01	5.257365992190274007e+00	0.000000000000000000e+00
-2.796409363681909288e-02	7.007007007006960109e-03	9.654607153400262121e+01	7.109937590014402176e+00	0.000000000000000000e+00
4.724491353193461390e-02	2.702702702702697302e-02	8.555575050740277732e+01	4.212172923777020017e+00	0.000000000000000000e+00
3.209214221644050846e-02	6.306306306306308507e-02	1.805792567226057344e+01	6.196652719665269871e+00	0.000000000000000000e+00
-2.823731439336107582e-02	2.002002002001990189e-02	7.732247906605699939e+01	7.042320494531626451e+00	0.000000000000000000e+00
3.157989036118489384e-02	3.803803803803806893e-02	4.791330512372057626e+01	6.294092647683811492e+00	0.000000000000000000e+00
4.182270130867520030e-02	2.002002002002001291e-02	8.989601904904903051e+01	4.755940912010277799e+00	0.000000000000000000e+00
5.680362514685240866e-02	4.204204204204198270e-02	7.586053892037971025e+01	3.492924528301883047e+00	0.000000000000000000e+00
-3.067342588620247321e-02	9.009009009008916991e-03	9.601739446424116409e+01	6.478565179352579584e+00	0.000000000000000000e+00
3.050451021103973634e-02	2.502502502502501613e-02	6.985136132224542393e+01	6.527104451300132837e+00	0.000000000000000000e+00
3.081326631655003159e-02	3.103103103103099780e-02	6.178402149777020469e+01	6.444734551784160992e+00	0.000000000000000000e+00
4.162766547176779963e-02	2.302302302302305925e-02	8.616688745538516514e+01	4.785137318255251238e+00	0.000000000000000000e+00
4.512698067193587209e-02	7.807807807807809475e-02	2.565716250029831258e+01	4.412991656734210899e+00	0.000000000000000000e+00
7.861279759518476073e-02	7.907907907907896217e-02	6.268690390185373928e+01	2.532489740082076501e+00	0.000000000000000000e+00
-2.676317963527432772e-02	1.501501501501489866e-02	8.525255916231915876e+01	7.416124186279424713e+00	0.000000000000000000e+00
-2.861535958239407734e-02	4.004004004003913764e-03	9.898829901464254988e+01	6.936768149882900580e+00	0.000000000000000000e+00
4.372882899793100603e-02	8.608608608608614432e-02	1.744957253334269964e+01	4.548525798525798969e+00	0.000000000000000000e+00
-3.270479168882208659e-02	1.301301301301305280e-02	9.281841545988805819e+01	6.077144029544522930e+00	0.000000000000000000e+00
4.041796183837677997e-02	7.307307307307309152e-02	1.678073021021508993e+01	4.926813040585494186e+00	0.000000000000000000e+00
4.983354118713380354e-02	8.108108108108103007e-02	2.360245177212479462e+01	3.989762931034484428e+00	0.000000000000000000e+00
-2.501049216167007885e-02	1.101101101101109592e-02	9.050862620513616719e+01	7.949543746645195696e+00	0.000000000000000000e+00
3.815290083245029273e-02	3.903903903903915840e-02	6.135709585575632730e+01	5.207454289732768693e+00	0.000000000000000000e+00
3.811800663208655265e-02	2.702702702702697302e-02	7.819186048085531127e+01	5.229519774011300193e+00	0.000000000000000000e+00
4.818982346637281505e-02	1.801801801801805603e-02	9.371957149876435267e+01	4.131101813110181098e+00	0.000000000000000000e+00
-2.742405586030923631e-02	3.003003003002935323e-03	9.942617944762571369e+01	7.242053789731054181e+00	0.000000000000000000e+00
-3.791646114357839770e-02	1.001001001001089463e-03	9.996948466462043825e+01	5.240622788393489273e+00	0.000000000000000000e+00
-3.764662310375032489e-02	1.001001001000867419e-03	9.998685836706820851e+01	5.277975766215252662e+00	0.000000000000000000e+00
8.353394851078112249e-02	4.604604604604611851e-02	8.567760800464176896e+01	2.383327969102023935e+00	0.000000000000000000e+00
5.173192274205021951e-02	5.405405405405394603e-02	6.015675371505876257e+01	3.843758110563193942e+00	0.000000000000000000e+00
-3.870152711179255384e-02	1.101101101101098489e-02	9.641107499611692333e+01	5.142361111111111605e+00	0.000000000000000000e+00
3.036733305230223876e-02	2.702702702702697302e-02	6.927606020164553513e+01	6.555998229305004976e+00	0.000000000000000000e+00
2.484608920879765454e-02	5.005005005005003227e-02	1.517322184344301839e+01	7.983827493261459018e+00	0.000000000000000000e+00
1.972503383634796950e-02	4.304304304304307216e-02	8.120440885136959608e+00	1.008855585831062562e+01	0.000000000000000000e+00
3.339642407165244187e-02	6.806806806806808829e-02	1.512007706377121785e+01	5.947791164658630336e+00	0.000000000000000000e+00
5.726645342520736426e-02	4.004004004004002581e-02	7.717789897205243221e+01	3.478158759981210935e+00	0.000000000000000000e+00
4.606320775015986663e-02	1.801801801801805603e-02	9.270525644064466064e+01	4.319043452901719427e+00	0.000000000000000000e+00
-3.096692761176396066e-02	1.001001001001000645e-02	9.534300916270673554e+01	6.414032048505847072e+00	0.000000000000000000e+00
5.871762941195506763e-02	9.809809809809810766e-02	2.194755456809862437e+01	3.386691058769722318e+00	0.000000000000000000e+00
5.711989209134155088e-02	9.309309309309310443e-02	2.951288968218545605e+01	3.483886144436605825e+00	0.000000000000000000e+00
-3.801512860113560877e-02	1.601601601601598812e-02	9.114534734718772313e+01	5.235065394132203842e+00	0.000000000000000000e+00
5.303150845014229647e-02	7.007007007006960109e-03	9.906016091370470633e+01	3.750316535831855536e+00	0.000000000000000000e+00
6.869312487510387255e-02	2.502502502502501613e-02	9.337108852917052104e+01	2.895405669599215415e+00	0.000000000000000000e+00
-4.123719998229218031e-02	1.301301301301305280e-02	9.520343881780422635e+01	4.819394728278555640e+00	0.000000000000000000e+00
3.439803768655033678e-02	4.604604604604600748e-02	4.293273187912289046e+01	5.787416959749905665e+00	0.000000000000000000e+00
5.152310622865853562e-02	8.008008008008049572e-03	9.874829259224327416e+01	3.857775462359987806e+00	0.000000000000000000e+00
5.555989843247976373e-02	3.303303303303306571e-02	8.334945713076470497e+01	3.586824897069509799e+00	0.000000000000000000e+00
3.270449534267300812e-02	7.907907907907896217e-02	7.571815133390119357e+00	6.079638752052548334e+00	0.000000000000000000e+00
4.566496019646203858e-02	4.404404404404393958e-02	6.461772565268240953e+01	4.354601587768303972e+00	0.000000000000000000e+00
2.487134483534051907e-02	3.803803803803795791e-02	2.923911165127707079e+01	7.992444684295735513e+00	0.000000000000000000e+00
-3.843020721055932093e-02	1.301301301301305280e-02	9.438079892491715839e+01	5.172895564093608733e+00	0.000000000000000000e+00
-3.624868592851755028e-02	8.008008008007938550e-03	9.754776065200096014e+01	5.485185185185189383e+00	0.000000000000000000e+00
-3.241635602442337338e-02	2.302302302302305925e-02	7.800008964163372127e+01	6.127430699213900489e+00	0.000000000000000000e+00
-3.379034860368799326e-02	2.402402402402414872e-02	7.811932743124513934e+01	5.876984126984128309e+00	0.000000000000000000e+00
4.775864094876620947e-02	7.707707707707700528e-02	2.503918224571492601e+01	4.168308471714044394e+00	0.000000000000000000e+00
3.168270764037410536e-02	4.004004004004002581e-02	4.778952789697220283e+01	6.264805414551612550e+00	0.000000000000000000e+00
-4.243316582663027303e-02	6.006006006005981668e-03	9.896893942218615337e+01	4.692648922686946555e+00	0.000000000000000000e+00
6.775615961408490429e-02	8.508508508508505486e-02	4.336414111915115654e+01	2.936744001586357289e+00	0.000000000000000000e+00
5.687311876385130888e-02	1.701701701701696656e-02	9.543930573878840562e+01	3.503666903241067221e+00	0.000000000000000000e+00
4.538325935880149764e-02	2.102102102102110237e-02	8.986187123904144869e+01	4.380360839988169275e+00	0.000000000000000000e+00
5.560197416219370831e-02	4.004004004004135808e-03	9.968946749163902155e+01	3.578158975597970581e+00	0.000000000000000000e+00
-3.618692726217540012e-02	1.201201201201196334e-02	9.481261662427277770e+01	5.501485884101039225e+00	0.000000000000000000e+00
3.744005982368075330e-02	3.103103103103110882e-02	7.063175123444665360e+01	5.313957660566915209e+00	0.000000000000000000e+00
4.803370601116945665e-02	2.802802802802806248e-02	8.496680086569212165e+01	4.135716280368608722e+00	0.000000000000000000e+00
5.527516359621418435e-02	6.306306306306308507e-02	4.953667138223431721e+01	3.607795371498175196e+00	0.000000000000000000e+00
7.473926853972183426e-02	4.304304304304307216e-02	8.528376673714555523e+01	2.662232608304870851e+00	0.000000000000000000e+00
4.952466167842479311e-02	7.407407407407418098e-02	2.963212675555448783e+01	4.018995929443692106e+00	0.000000000000000000e+00
4.751357469779161208e-02	7.507507507507527045e-02	2.650586618755900759e+01	4.187164263500142702e+00	0.000000000000000000e+00
5.272951761142202765e-02	6.906906906906917776e-02	4.055271898879787074e+01	3.768447837150128432e+00	0.000000000000000000e+00
